RN4GVrxypCzvIUtG50_Idg,295,40.75845941,-73.9999470868
P-3nHHE6q8lp6saTATDW4g,159,40.7583678422,-74.0000157867
s961XQ_PWzVVpjYAH79b4A,298,40.7583216037,-74.0000505853
sXqMu7Ld3wcF0w6nQQqoSQ,297,40.7616232946,-73.9709030169
H0j1_gsH7X7V4uGcquxNwQ,299,40.7525644067,-74.0040655327
7Q9Mj6X8SqnN52rQ7kWk_A,117,40.7526034318,-74.0041856033
KnldnosKIIWWsqvEoz1TmA,300,40.7645912761,-73.9758496343
FyyRlj4is1Oa9cBtPtevuQ,28,40.7637429971,-73.9736867735
UWldzwqnMp4sW0JuEXOEQA,118,40.7525175285,-74.0039482314
ifVRQgWlhQvJAEVEHDlHeg,117,40.7631954173,-73.9738622914
PimMBb0eYSCOQGjhtPWTtw,120,40.7668575587,-73.9670326861
al5v5SYmoWHK8JhDQ4HYRg,126,40.7605419693,-73.9717064459
MPouRB2kmNhN-UGiUAQjdA,27,40.7629500816,-73.9779422685
_rEmuNMj5rv7_BwcCipPuA,25,40.7157248826,-74.0081213825
YfQI7TvIwyYcFWEHwTJChw,30,40.7157730312,-74.008224555
NEBjor3PuxJmltFhYPNKMA,21,40.7156270213,-74.0094198462
zjyToVmlqloJbflFLzKfzw,32,40.7238761918,-73.9992245084
Hipiw-GWl5dUSWjN1akaUw,32,40.7237947663,-73.9992911245
mr7F6KtEHu9I2fPqvFMyDA,195,40.7209271586,-74.000803596
c33cFfOZuTgMR1G6B1mSaw,72,40.7155547059,-74.0092546461
gWhgrTIdU0tMfTE8NHzm4Q,24,40.7156034424,-74.009365042
IaVAN5DN9m9HkkoT34WBTQ,119,40.7209696529,-74.0008824578
PyqRqpr0mZBc_ZCyCOqvbQ,21,40.7210200087,-74.0009817718
